"SI" "VC" "IN" "CO" "BD" "MR" "VP" "FW" "PCm" "DS" "AR" "LN" "SS" "CD" "CA"
1.00 0.74 0.64 0.71 0.49 0.51 0.44 0.53 0.44 0.48 0.54 0.45 0.35 0.41 0.23
0.74 1.00 0.73 0.74 0.45 0.51 0.42 0.53 0.39 0.50 0.57 0.48 0.34 0.41 0.24
0.64 0.73 1.00 0.66 0.44 0.49 0.43 0.51 0.41 0.43 0.57 0.43 0.34 0.34 0.22
0.71 0.74 0.66 1.00 0.44 0.49 0.43 0.53 0.40 0.48 0.55 0.47 0.32 0.39 0.21
0.49 0.45 0.44 0.44 1.00 0.54 0.64 0.56 0.49 0.45 0.50 0.42 0.41 0.40 0.34
0.51 0.51 0.49 0.49 0.54 1.00 0.53 0.57 0.42 0.47 0.52 0.45 0.39 0.45 0.26
0.44 0.42 0.43 0.43 0.64 0.53 1.00 0.58 0.48 0.40 0.48 0.41 0.38 0.37 0.32
0.53 0.53 0.51 0.53 0.56 0.57 0.58 1.00 0.41 0.50 0.61 0.48 0.34 0.36 0.29
0.44 0.39 0.41 0.40 0.49 0.42 0.48 0.41 1.00 0.39 0.37 0.37 0.41 0.38 0.33
0.48 0.50 0.43 0.48 0.45 0.47 0.40 0.50 0.39 1.00 0.60 0.69 0.40 0.45 0.34
0.54 0.57 0.57 0.55 0.50 0.52 0.48 0.61 0.37 0.60 1.00 0.46 0.37 0.43 0.31
0.45 0.48 0.43 0.47 0.42 0.45 0.41 0.48 0.37 0.69 0.46 1.00 0.37 0.38 0.30
0.35 0.34 0.34 0.32 0.41 0.39 0.38 0.34 0.41 0.40 0.37 0.37 1.00 0.65 0.46
0.41 0.41 0.34 0.39 0.40 0.45 0.37 0.36 0.38 0.45 0.43 0.38 0.65 1.00 0.42
0.23 0.24 0.22 0.21 0.34 0.26 0.32 0.29 0.33 0.34 0.31 0.30 0.46 0.42 1.00


